1582413533291360256
1582413532334723075
1582413531097403393
1582413528631152642
1582413526878289920
1582413525149880324
1582413524659482624
1582413522100621319
1582413519689224192
1582413516409286656
1582413515628810243
1582413512231424003
1582413511782985728
1582413510931189763
1582413509257662465
1582413509064724490
1582413508859203593
1582413508066840576
1582413506921435142
1582413506225180690
1582413504698802176
1582413504270991361
1582413503776059393
1582413501804384264
1582413501523709954
1582413500709994496
1582413494594375681
1582413494514683909
1582413492425920513
1582413487266926596
1582413482225373187
1582413479507464199
1582413476625977353
1582413475938111489
1582413474495270934
1582413473018875906
1582413470712356864
1582413468174790657
1582413466345738244
1582413464114368513
1582413463934013445
1582413462030127104
1582413461878804482
1582413459714543618
1582413459295113219
1582413458888589312
1582413457705832449
1582413456640475142
1582413456606564361
1582413453947375627
1582413453276635136
1582413452437749762
1582413451565334528
1582413450549989386
1582413447371030528
1582413446976442374
1582413446792237056
1582413444581535744
1582413441356075008
1582413440458493960
1582413440244588544
1582413439791599618
1582413437455708160
1582413436235153408
1582413436075446273
1582413435761221638
1582413434821349378
1582413433709858819
1582413432347033602
1582413431218442246
1582413430744485889
1582413428504731648
1582413427846221824
1582413427527806977
1582413425464193024
1582413424310747136
1582413424302383104
1582413422817251329
1582413420992729096
1582413419835101184
1582413418845245440
1582413417649868805
1582413415339134977
1582413414776770563
1582413412482838528
1582413411886895114
1582413411886895105
1582413411798814720
1582413411170021376
1582413410846707713
1582413409206734856
1582413404592971776
1582413404492337154
1582413404140363776
1582413402038669312
1582413399270752256
1582413397471432704
1582413397299105793
1582413396632547328
1582413394271145986
1582413393277124609
1582413391771013120
1582413391033163776
1582413389518671878
1582413386838511617
1582413386700460033
1582413382342553602
1582413381037789190
1582413380870017025
1582413380328951813
1582413379121344513
1582413379096174592
1582413378039214081
1582413377220972551
1582413376709619712
1582413376604409864
1582413375618748416
1582413374419177484
1582413371865202689
1582413371340910592
1582413370879184909
1582413369977409545
1582413369210179584
1582413368379736064
1582413368371335168
1582413368077389827
1582413367486320646
1582413364479029248
1582413364109938689
1582413363275247616
1582413363212353537
1582413359709753357
1582413358112075777
1582413356043931662
1582413354731114500
1582413353661566976
1582413348775202821
1582413348695511046
1582413348419010561
1582413347110408192
1582413346854211591
1582413346720350208
1582413345231368192
1582413343666540551
1582413342932537345
1582413342127554560
1582413342043344897
1582413339208318977
1582413333839286279
1582413333038518273
1582413332958842880
1582413332329336838
1582413330865524745
1582413330559664129
1582413330353819651
1582413329058107392
1582413328747401227
1582413327438778373
1582413325627162624
1582413325370986508
1582413323727175680
1582413322120400896
1582413321420300288
1582413318995644422
1582413317557354497
1582413317460529153
1582413315468562433
1582413314260602880
1582413310980653056
1582413310640939010
1582413305808752649
1582413301543501824
1582413301434093588
1582413301019193346
1582413300603621384
1582413297923784704
1582413297483059201
1582413297407897600
1582413296480620555
1582413291787522051
1582413286204575756
1582413284967583744
1582413278768427008
1582413278172835841
1582413276121796609
1582413273848512512
1582413273378717701
1582413265543434244
1582413265527013376
1582413262268010496
1582413259113914368
1582413258275057664
1582413255888146440
1582413251899363328
1582413249659604996
1582413248523296769
1582413246728110080
1582413244345757696
1582413244244758528
1582413243850493964
1582413241535590400
1582413239219982337
1582413238859272199
1582413238150434819
1582413237987184640
1582413237433208833
1582413236804411393
1582413236183654401
1582413235591909383
1582413234526892035
1582413234229084160
1582413232652058625
1582413230026067971
1582413230005456896
1582413229539880962
1582413225538162694
1582413225492025349
1582413225001332736
1582413221817815051
1582413221457104897
1582413221054451715
1582413218957635584
1582413218386874375
1582413217175044097
1582413215463444480
1582413215228907520
1582413214624583680
1582413213567946752
1582413213542813698
1582413212581957640
1582413212347420674
1582413211613073411
1582413211454046208
1582413211290472449
1582413206693154816
1582413205674283011
1582413204927705088
1582413203786502146
1582413202486267907
1582413202255581184
1582413200636915713
1582413199600939009
1582413195506946055
1582413191455576064
1582413190847434752
1582413189970812928
1582413189375209472
1582413188641230850
1582413187085127680
1582413185440616455
1582413185243484169
1582413184870195200
1582413184517824512
1582413182945005581
1582413182693670912
1582413181321809930
1582413180185153536
1582413177316593664
1582413177119117321
1582413174678380545
1582413174640635904
1582413171884974080
1582413169724559361
1582413169665839105
1582413169452253185
1582413168030060550
1582413167010844677
1582413165001773065
1582413163286659076
1582413162510684160
1582413162208366599
1582413160828801024
1582413160241238023
1582413159377563649
1582413156202123267
1582413155829178369
1582413150799859718
1582413150615646208
1582413148635955201
1582413146152570880
1582413144487755777
1582413138154033176
1582413136686026756
1582413136673443846
1582413136338235394
1582413135809417223
1582413135280934922
1582413135105122305
1582413133729042432
1582413133117022208
1582413132319756288
1582413132114251776
1582413123780153355
1582413123490746377
1582413122119180288
1582413120365989892
1582413119191908352
1582413116914413570
1582413116125884416
1582413109809254400
1582413108546441220
1582413108324143107
1582413105971138563
1582413105875025920
1582413102410530816
1582413102305640449
1582413101948801035
1582413098077458440
1582413095817052162
1582413093346283527
1582413091442397185
1582413089185533960
1582413088779030528
1582413087503618051
1582413084656013312
1582413083200585728
1582413080826286086
1582413080809508864
1582413079798681604
1582413077332430848
1582413076384870401
1582413070823206912
1582413070780928010
1582413070085021696
1582413069724323840
1582413066737618945
1582413062899830800
1582413059951558657
1582413055924703235
1582413054246981644
1582413054066950144
1582413053446193152
1582413052347314176
1582413050250166273
1582413047683256321
1582413040938803200
1582413040032829446
1582413039688912897
1582413039281704964
1582413036547018754
1582413034869297158
1582413034063945728
1582413033250619392
1582413032453730304
1582413031627100165
1582413030864080897
1582413030822129665
1582413028242296834
1582413022425124864
1582413016921870338
1582413011234717701
1582413010949505029
1582413010370691072
1582413007107547136
1582413005912158208
1582413005463031812
1582413005253644288
1582413005228150795
1582413004070879234
1582413002883887105
1582413000514088960
1582412998383374336
1582412995698692098
1582412982536966148
1582412979672256519
1582412977550266369
1582412976878850053
1582412968343441416
1582412968150839296
1582412966565007360
1582412966011756546
1582412958596231168
1582412957215952896
1582412955424985093
1582412955408207884
1582412954196406272
1582412953189421065
1582412952983900166
1582412950580908032
1582412950513799168
1582412950144712706
1582412949964361728
1582412946365640704
1582412944004243457
1582412942959841280
1582412941781250048
1582412941328265219
1582412941001117697
1582412940904660994
1582412938035748864
1582412937624719360
1582412934575099905
1582412931589079040
1582412930376949761
1582412930112360466
1582412929520963590
1582412927239262208
1582412926773694469
1582412926748528646
1582412925817344000
1582412925662203905
1582412922730741761
1582412922479087617
1582412921111719937
1582412920293847041
1582412917932425221
1582412913389670415
1582412913096069141
1582412905152057350
1582412904904593413
1582412898428588039
1582412898223067142
1582412896000434178
1582412894154952704
1582412891546095617
1582412889779933193
1582412888987537410
1582412888307732485
1582412888110936064
1582412887682793472
1582412887284682753
1582412887036858372
1582412885312999424
1582412884545765376
1582412883987599366
1582412882863525903
1582412881005449216
1582412879646838784
1582412879415808010
1582412878094602244
1582412875263770626
1582412872831111169
1582412872650395650
1582412869957996545
1582412869949587457
1582412867240099842
1582412864979337216
1582412864127569925
1582412863876255745
1582412863574282241
1582412862446006272
1582412860113944578
1582412860088455177
1582412859497058308
1582412857152442374
1582412856829816832
1582412856712388614
1582412852895584256
1582412852677120015
1582412849967955970
1582412849866936322
1582412848810328064
1582412848588001281
1582412844699906048
1582412843504177162
1582412842745008128
1582412833395904520
1582412831864983553
1582412831818846213
1582412829558460416
1582412828136247305
1582412827599732736
1582412826026856448
1582412823451209738
1582412823120220165
1582412822486519824
1582412822134542336
1582412817780523008
1582412814248906756
1582412811980132352
1582412811309047808
1582412811111890946
1582412810424049664
1582412809798750217
1582412806624022529
1582412805889609728
1582412804145176576
1582412799393009664
1582412799174914049
1582412798294122496
1582412795865272328
1582412795311624207
1582412793890103296
1582412783856979975
1582412783555313665
1582412781143265282
1582412778752512007
1582412771723202560
1582412769022054402
1582412768518754305
1582412766148628484
1582412765897318400
1582412765565620233
1582412764676427778
1582412764558987274
1582412763493634050
1582412762411851778
1582412759391604737
1582412757756178433
1582412757260898310
1582412755256020997
1582412753666379776
1582412752429060099
1582412751997046796
1582412749111721984
1582412748914233347
1582412748394139651
1582412747845013504
1582412746166964228
1582412743143219200
1582412742925094918
1582412742509879298
1582412739644821514
1582412737849659403
1582412737589612547
1582412736134189061
1582412734871703557
1582412734259679232
1582412733227892737
1582412732447395844
1582412730346393600
1582412728869998592
1582412727179706369
1582412722225877000
1582412719613181955
1582412717876707328
1582412717456953348
1582412714470567936
1582412712688029702
1582412712428310528
1582412712218595329
1582412710750273536
1582412708560834563
1582412705537069058
1582412705217974279
1582412703921934337
1582412701296644097
1582412701216964608
1582412701027864593
1582412700864614401
1582412700822343688
1582412698951684107
1582412697630478342
1582412695860482052
1582412692416970752
1582412691963973633
1582412691531960327
1582412690449829893
1582412690425008129
1582412690324000783
1582412689065709580
1582412688977629188
1582412688034246658
1582412687660617733
1582412685651881987
1582412685366333443
1582412684670078978
1582412679599165444
1582412678793859073
1582412678709972994
1582412677250691073
1582412675287756800
1582412672405934086
1582412668321017858
1582412667741868032
1582412667288883212
1582412666127060999
1582412661492355080
1582412659483611136
1582412658459873284
1582412656211726345
1582412654873702400
1582412654702120961
1582412652076470272
1582412651925504002
1582412646724210697
1582412643498790925
1582412642278608897
1582412641149980672
1582412640843796491
1582412637421244419
1582412635160870914
1582412634145841152
1582412633084686336
1582412632262574080
1582412631356280845
1582412630605856769
1582412630475833344
1582412629200408589
1582412625618829312
1582412624062386176
1582412623718453270
1582412622011371523
1582412621579358216
1582412619633528832
1582412617498624000
1582412617104388097
1582412616919810049
1582412616668172297
1582412614130274310
1582412613916364804
1582412613878960128
1582412611076820993
1582412610787414028
1582412610141827073
1582412608648318989
1582412608627703808
1582412608510234625
1582412607524245509
1582412607260340225
1582412602348634112
1582412602038095876
1582412601685774337
1582412599374712835
1582412596925591552
1582412593104228364
1582412592752230400
1582412591863062528
1582412591816921088
1582412588897665029
1582412588595699712
1582412585596772353
1582412583990341632
1582412583965184000
1582412583805456391
1582412582643957762
1582412579229798401
1582412574528012288
1582412571738443782
1582412571725860866
1582412570908012544
1582412570358517776
1582412570345934855
1582412569364467717
1582412568089399300
1582412567926169601
1582412565065306116
1582412560531615744
1582412555074486272
1582412550443962368
1582412549840334849
1582412548644605954
1582412543594663944
1582412542533505028
1582412541015166980
1582412536640868352
1582412535181213697
1582412528889778176
1582412524414111752
1582412523612999685
1582412523013541888
1582412518542045184
1582412509776351232
1582412509318742018
1582412507146522624
1582412507070664710
1582412506198585345
1582412504038182917
1582412502553743360
1582412502016569344
1582412501198569481
1582412500963758092
1582412499462156288
1582412498531061760
1582412493283917831
1582412492755435528
1582412490394042374
1582412489572376576
1582412488544354312
1582412487403503624
1582412484886921227
1582412483570331649
1582412481829691395
1582412480076484608
1582412477329199105
1582412476624539648
1582412476389683201
1582412475521462273
1582412467636174848
1582412466138382346
1582412463567273984
1582412463550902273
1582412461537624064
1582412461009154048
1582412460845576192
1582412460069654530
1582412460036096002
1582412459821760518
1582412458186395648
1582412457313566725
1582412455359021066
1582412451345489922
1582412449927397384
1582412449004650502
1582412448581439488
1582412446387822592
1582412445360222209
1582412443044941824
1582412442000162817
1582412441169928194
1582412441044107266
1582412440762843139
1582412440691539978
1582412440280498180
1582412439064563713
1582412438653505536
1582412434794348550
1582412433900961797
1582412433834246144
1582412432563372032
1582412431749713921
1582412425017425932
1582412420919590912
1582412420068147208
1582412419770351616
1582412419506540544
1582412418042298378
1582412418025521156
1582412417820020736
1582412417748697091
1582412416339836928
1582412415882231819
1582412415534104591
1582412414737580033
1582412410853261322
1582412409347506186
1582412409297580032
1582412408609701889
1582412405870428166
1582412404767326220
1582412399285800960
1582412398648262658
1582412398635364352
1582412397750681600
1582412390301171732
1582412388929634304
1582412388577312769
1582412384819216397
1582412382759813120
1582412379840577571
1582412379588919309
1582412377139445770
1582412376196141057
1582412375696605187
1582412374853550093
1582412373838528512
1582412372823900161
1582412372269858826
1582412368369156102
1582412365370228742
1582412364527603712
1582412359184048129
1582412357791121423
1582412357573435398
1582412356780294148
1582412353877835781
1582412352968093696
1582412345498013696
1582412342545223680
1582412341169094657
1582412337713405952
1582412335376760837
1582412333900365829
1582412333841645587
1582412330826334208
1582412328275804167
1582412324748394504
1582412320592244736
1582412319413239808
1582412318297554948
1582412318159142928
1582412314921140235
1582412314657325057
1582412313482493954
1582412311649583105
1582412309775126528
1582412309150175232
1582412308407783425
1582412302053015567
1582412301789188096
1582412300245270533
1582412299532238858
1582412298274369536
1582412296130658311
1582412295774142471
1582412295631536128
1582412295191560192
1582412294805258240
1582412293354029057
1582412293065052161
1582412292402343937
1582412289960865793
1582412289336299520
1582412287792381954
1582412287285301249
1582412284344664065
1582412283556204544
1582412283468472321
1582412282063392769
1582412276572618756
1582412274072813576
1582412271078494208
1582412271031943170
1582412270574764033
1582412268171427849
1582412267802329099
1582412265570959364
1582412263696523264
1582412262878621696
1582412262765383680
1582412258327396356
1582412256129581057
1582412253936373761
1582412252879400960
1582412248995069955
1582412245627043850
1582412243245105152
1582412243194347523
1582412238975270913
1582412231588708354
1582412231362215942
1582412231152500745
1582412229596413954
1582412227302522886
1582412226614677505
1582412226505211907
1582412222801641473
1582412221782425601
1582412220364750852
1582412219605581824
1582412211087347713
1582412210076553217
1582412206746271744
1582412204904976385
1582412201540714506
1582412201100730368
1582412200748408835
1582412199120601093
1582412197925224474
1582412193378598919
1582412189620928512
1582412187397943297
1582412185812504576
1582412183526604800
1582412180292370433
1582412180192100352
1582412180191707140
1582412174709751809
1582412173610844164
1582412168036614149
1582412165259984911
1582412165155524608
1582412164374986756
1582412164207214594
1582412161728380928
1582412158238720001
1582412157945118727
1582412157156995072
1582412154073776130
1582412153700909056
1582412151939293187
1582412151741743111
1582412150739304452
1582412144871473152
1582412140300111873
1582412138647126016
1582412137258811450
1582412135845756928
1582412129163804682
1582412128266223622
1582412126152294403
1582412121941618688
1582412121664815104
1582412119144009728
1582412119131029505
1582412117327478792
1582412116765847552
1582412116648415257
1582412112449908736
1582412111472230407
1582412109375078404
1582412106409705479
1582412105051144192
1582412104459747328
1582412104455557120
1582412103297531909
1582412102354239490
1582412102287101952
1582412099761733641
1582412098537390083
1582412097740079116
1582412095328747520
1582412093365420032
1582412093105766400
1582412092694757376
1582412090450800641
1582412089515466753
1582412088634662915
1582412088281923592
1582412088009293832
1582412087870881796
1582412087867113473
1582412085765341193
1582412084847206400
1582412082678738946
1582412081407881217
1582412080493506561
1582412078723522560
1582412077963935751
1582412077645598720
1582412077632991240
1582412077544931328
1582412075720380417
1582412074353033216
1582412073664774149
1582412070170918920
1582412067511730177
1582412066270646275
1582412065301757952
1582412065033326595
1582412063170646016
1582412056820875265
1582412053977108481
1582412050135154688
1582412049979961344
1582412043587420164
1582412043092922371
1582412042182721536
1582412040957591558
1582412040932843522
1582412040890503168
1582412040663990279
1582412040248754176
1582412039980711945
1582412038923436032
1582412036025511937
1582412035945398276
1582412033966116865
1582412033181745152
1582412032803864584
1582412030878679047
1582412029641752577
1582412027653259268
1582412021932654595
1582412021458272257
1582412020800163847
1582412020111900677
1582412018849808384
1582412013984444418
1582412013325516801
1582412013124190213
1582412011673354240
1582412011509383178
1582412008837611531
1582412006044598273
1582412005985484801
1582412002580131840
1582411998968414214
1582411997131730944
1582411990362120197
1582411990151987200
1582411989497675778
1582411988134526986
1582411987614855169
1582411985677082625
1582411985236656129
1582411984774889481
1582411984326520833
1582411983231811584
1582411982225178625
1582411981453418496
1582411981138853888
1582411980815466497
1582411980396462080
1582411979620089856
1582411974477873154
1582411972749819921
1582411971349315584
1582411971076706305
1582411969549565957
1582411966336729089
1582411963576877067
1582411961941504001
1582411961878183940
1582411961710411785
1582411961597595648
1582411960641257473
1582411956203716608
1582411955129548808
1582411951757328386
1582411945843785729
1582411945575317505
1582411940931829760
1582411933033955329
1582411932769714181
1582411932547416070
1582411930689339396
1582411930647826432
1582411929116475405
1582411928970080256
